/*--------------------------------*- C++ -*----------------------------------*\
| =========                 |                                                 |
| \\      /  F ield         | foam-extend: Open Source CFD                    |
|  \\    /   O peration     | Version:     5.0                                |
|   \\  /    A nd           | Web:         http://www.foam-extend.org         |
|    \\/     M anipulation  |                                                 |
\*---------------------------------------------------------------------------*/
FoamFile
{
    version     2.0;
    format      ascii;
    class       faceList;
    location    "constant/polyMesh";
    object      faces;
}
// * * * * * * * * * * * * * * * * * * * * * * * * * * * * * * * * * * * * * //


231
(
4(1 11 81 71)
4(10 80 81 11)
4(2 12 82 72)
4(11 81 82 12)
4(3 13 83 73)
4(12 82 83 13)
4(4 14 84 74)
4(13 83 84 14)
4(5 15 85 75)
4(14 84 85 15)
4(6 16 86 76)
4(15 85 86 16)
4(7 17 87 77)
4(16 86 87 17)
4(8 18 88 78)
4(17 87 88 18)
4(18 88 89 19)
4(11 21 91 81)
4(20 90 91 21)
4(12 22 92 82)
4(21 91 92 22)
4(13 23 93 83)
4(22 92 93 23)
4(14 24 94 84)
4(23 93 94 24)
4(15 25 95 85)
4(24 94 95 25)
4(16 26 96 86)
4(25 95 96 26)
4(17 27 97 87)
4(26 96 97 27)
4(18 28 98 88)
4(27 97 98 28)
4(28 98 99 29)
4(21 31 101 91)
4(30 100 101 31)
4(22 32 102 92)
4(31 101 102 32)
4(23 33 103 93)
4(32 102 103 33)
4(24 34 104 94)
4(33 103 104 34)
4(25 35 105 95)
4(34 104 105 35)
4(26 36 106 96)
4(35 105 106 36)
4(27 37 107 97)
4(36 106 107 37)
4(28 38 108 98)
4(37 107 108 38)
4(38 108 109 39)
4(31 41 111 101)
4(40 110 111 41)
4(32 42 112 102)
4(41 111 112 42)
4(33 43 113 103)
4(42 112 113 43)
4(34 44 114 104)
4(43 113 114 44)
4(35 45 115 105)
4(44 114 115 45)
4(36 46 116 106)
4(45 115 116 46)
4(37 47 117 107)
4(46 116 117 47)
4(38 48 118 108)
4(47 117 118 48)
4(48 118 119 49)
4(41 51 121 111)
4(50 120 121 51)
4(42 52 122 112)
4(51 121 122 52)
4(43 53 123 113)
4(52 122 123 53)
4(44 54 124 114)
4(53 123 124 54)
4(45 55 125 115)
4(54 124 125 55)
4(46 56 126 116)
4(55 125 126 56)
4(47 57 127 117)
4(56 126 127 57)
4(48 58 128 118)
4(57 127 128 58)
4(58 128 129 59)
4(51 61 131 121)
4(52 62 132 122)
4(53 63 133 123)
4(54 64 134 124)
4(55 65 135 125)
4(56 66 136 126)
4(57 67 137 127)
4(58 68 138 128)
4(60 130 131 61)
4(61 131 132 62)
4(62 132 133 63)
4(63 133 134 64)
4(64 134 135 65)
4(65 135 136 66)
4(66 136 137 67)
4(67 137 138 68)
4(68 138 139 69)
4(0 1 71 70)
4(1 2 72 71)
4(2 3 73 72)
4(3 4 74 73)
4(4 5 75 74)
4(5 6 76 75)
4(6 7 77 76)
4(7 8 78 77)
4(8 9 79 78)
4(0 70 80 10)
4(10 80 90 20)
4(20 90 100 30)
4(30 100 110 40)
4(40 110 120 50)
4(50 120 130 60)
4(9 19 89 79)
4(19 29 99 89)
4(29 39 109 99)
4(39 49 119 109)
4(49 59 129 119)
4(59 69 139 129)
4(70 71 81 80)
4(80 81 91 90)
4(90 91 101 100)
4(100 101 111 110)
4(110 111 121 120)
4(120 121 131 130)
4(71 72 82 81)
4(81 82 92 91)
4(91 92 102 101)
4(101 102 112 111)
4(111 112 122 121)
4(121 122 132 131)
4(72 73 83 82)
4(82 83 93 92)
4(92 93 103 102)
4(102 103 113 112)
4(112 113 123 122)
4(122 123 133 132)
4(73 74 84 83)
4(83 84 94 93)
4(93 94 104 103)
4(103 104 114 113)
4(113 114 124 123)
4(123 124 134 133)
4(74 75 85 84)
4(84 85 95 94)
4(94 95 105 104)
4(104 105 115 114)
4(114 115 125 124)
4(124 125 135 134)
4(75 76 86 85)
4(85 86 96 95)
4(95 96 106 105)
4(105 106 116 115)
4(115 116 126 125)
4(125 126 136 135)
4(76 77 87 86)
4(86 87 97 96)
4(96 97 107 106)
4(106 107 117 116)
4(116 117 127 126)
4(126 127 137 136)
4(77 78 88 87)
4(87 88 98 97)
4(97 98 108 107)
4(107 108 118 117)
4(117 118 128 127)
4(127 128 138 137)
4(78 79 89 88)
4(88 89 99 98)
4(98 99 109 108)
4(108 109 119 118)
4(118 119 129 128)
4(128 129 139 138)
4(0 10 11 1)
4(10 20 21 11)
4(20 30 31 21)
4(30 40 41 31)
4(40 50 51 41)
4(50 60 61 51)
4(1 11 12 2)
4(11 21 22 12)
4(21 31 32 22)
4(31 41 42 32)
4(41 51 52 42)
4(51 61 62 52)
4(2 12 13 3)
4(12 22 23 13)
4(22 32 33 23)
4(32 42 43 33)
4(42 52 53 43)
4(52 62 63 53)
4(3 13 14 4)
4(13 23 24 14)
4(23 33 34 24)
4(33 43 44 34)
4(43 53 54 44)
4(53 63 64 54)
4(4 14 15 5)
4(14 24 25 15)
4(24 34 35 25)
4(34 44 45 35)
4(44 54 55 45)
4(54 64 65 55)
4(5 15 16 6)
4(15 25 26 16)
4(25 35 36 26)
4(35 45 46 36)
4(45 55 56 46)
4(55 65 66 56)
4(6 16 17 7)
4(16 26 27 17)
4(26 36 37 27)
4(36 46 47 37)
4(46 56 57 47)
4(56 66 67 57)
4(7 17 18 8)
4(17 27 28 18)
4(27 37 38 28)
4(37 47 48 38)
4(47 57 58 48)
4(57 67 68 58)
4(8 18 19 9)
4(18 28 29 19)
4(28 38 39 29)
4(38 48 49 39)
4(48 58 59 49)
4(58 68 69 59)
)


// ************************************************************************* //
