/*--------------------------------*- C++ -*----------------------------------*\
| =========                 |                                                 |
| \\      /  F ield         | foam-extend: Open Source CFD                    |
|  \\    /   O peration     | Version:     5.0                                |
|   \\  /    A nd           | Web:         http://www.foam-extend.org         |
|    \\/     M anipulation  |                                                 |
\*---------------------------------------------------------------------------*/
FoamFile
{
    version     2.0;
    format      ascii;
    class       vectorField;
    location    "constant/polyMesh";
    object      points;
}
// * * * * * * * * * * * * * * * * * * * * * * * * * * * * * * * * * * * * * //


140
(
(-393.8653069 262.5208847 0)
(-306.3396831 262.5208847 0)
(-218.8140594 262.5208847 0)
(-131.2884356 262.5208847 0)
(-43.76281188 262.5208847 0)
(43.76281188 262.5208847 0)
(131.2884356 262.5208847 0)
(218.8140594 262.5208847 0)
(306.3396831 262.5208847 0)
(393.8653069 262.5208847 0)
(-393.8653069 350.0558396 0)
(-306.3396831 350.0558396 0)
(-218.8140594 350.0558396 0)
(-131.2884356 350.0558396 0)
(-43.76281188 350.0558396 0)
(43.76281188 350.0558396 0)
(131.2884356 350.0558396 0)
(218.8140594 350.0558396 0)
(306.3396831 350.0558396 0)
(393.8653069 350.0558396 0)
(-393.8653069 437.5907944 0)
(-306.3396831 437.5907944 0)
(-218.8140594 437.5907944 0)
(-131.2884356 437.5907944 0)
(-43.76281188 437.5907944 0)
(43.76281188 437.5907944 0)
(131.2884356 437.5907944 0)
(218.8140594 437.5907944 0)
(306.3396831 437.5907944 0)
(393.8653069 437.5907944 0)
(-393.8653069 525.1257492 0)
(-306.3396831 525.1257492 0)
(-218.8140594 525.1257492 0)
(-131.2884356 525.1257492 0)
(-43.76281188 525.1257492 0)
(43.76281188 525.1257492 0)
(131.2884356 525.1257492 0)
(218.8140594 525.1257492 0)
(306.3396831 525.1257492 0)
(393.8653069 525.1257492 0)
(-393.8653069 612.6607041 0)
(-306.3396831 612.6607041 0)
(-218.8140594 612.6607041 0)
(-131.2884356 612.6607041 0)
(-43.76281188 612.6607041 0)
(43.76281188 612.6607041 0)
(131.2884356 612.6607041 0)
(218.8140594 612.6607041 0)
(306.3396831 612.6607041 0)
(393.8653069 612.6607041 0)
(-393.8653069 700.1956589 0)
(-306.3396831 700.1956589 0)
(-218.8140594 700.1956589 0)
(-131.2884356 700.1956589 0)
(-43.76281188 700.1956589 0)
(43.76281188 700.1956589 0)
(131.2884356 700.1956589 0)
(218.8140594 700.1956589 0)
(306.3396831 700.1956589 0)
(393.8653069 700.1956589 0)
(-393.8653069 787.7306138 0)
(-306.3396831 787.7306138 0)
(-218.8140594 787.7306138 0)
(-131.2884356 787.7306138 0)
(-43.76281188 787.7306138 0)
(43.76281188 787.7306138 0)
(131.2884356 787.7306138 0)
(218.8140594 787.7306138 0)
(306.3396831 787.7306138 0)
(393.8653069 787.7306138 0)
(-393.8653069 262.5208847 80.78857681)
(-306.3396831 262.5208847 80.78857681)
(-218.8140594 262.5208847 80.78857681)
(-131.2884356 262.5208847 80.78857681)
(-43.76281188 262.5208847 80.78857681)
(43.76281188 262.5208847 80.78857681)
(131.2884356 262.5208847 80.78857681)
(218.8140594 262.5208847 80.78857681)
(306.3396831 262.5208847 80.78857681)
(393.8653069 262.5208847 80.78857681)
(-393.8653069 350.0558396 80.78857681)
(-306.3396831 350.0558396 80.78857681)
(-218.8140594 350.0558396 80.78857681)
(-131.2884356 350.0558396 80.78857681)
(-43.76281188 350.0558396 80.78857681)
(43.76281188 350.0558396 80.78857681)
(131.2884356 350.0558396 80.78857681)
(218.8140594 350.0558396 80.78857681)
(306.3396831 350.0558396 80.78857681)
(393.8653069 350.0558396 80.78857681)
(-393.8653069 437.5907944 80.78857681)
(-306.3396831 437.5907944 80.78857681)
(-218.8140594 437.5907944 80.78857681)
(-131.2884356 437.5907944 80.78857681)
(-43.76281188 437.5907944 80.78857681)
(43.76281188 437.5907944 80.78857681)
(131.2884356 437.5907944 80.78857681)
(218.8140594 437.5907944 80.78857681)
(306.3396831 437.5907944 80.78857681)
(393.8653069 437.5907944 80.78857681)
(-393.8653069 525.1257492 80.78857681)
(-306.3396831 525.1257492 80.78857681)
(-218.8140594 525.1257492 80.78857681)
(-131.2884356 525.1257492 80.78857681)
(-43.76281188 525.1257492 80.78857681)
(43.76281188 525.1257492 80.78857681)
(131.2884356 525.1257492 80.78857681)
(218.8140594 525.1257492 80.78857681)
(306.3396831 525.1257492 80.78857681)
(393.8653069 525.1257492 80.78857681)
(-393.8653069 612.6607041 80.78857681)
(-306.3396831 612.6607041 80.78857681)
(-218.8140594 612.6607041 80.78857681)
(-131.2884356 612.6607041 80.78857681)
(-43.76281188 612.6607041 80.78857681)
(43.76281188 612.6607041 80.78857681)
(131.2884356 612.6607041 80.78857681)
(218.8140594 612.6607041 80.78857681)
(306.3396831 612.6607041 80.78857681)
(393.8653069 612.6607041 80.78857681)
(-393.8653069 700.1956589 80.78857681)
(-306.3396831 700.1956589 80.78857681)
(-218.8140594 700.1956589 80.78857681)
(-131.2884356 700.1956589 80.78857681)
(-43.76281188 700.1956589 80.78857681)
(43.76281188 700.1956589 80.78857681)
(131.2884356 700.1956589 80.78857681)
(218.8140594 700.1956589 80.78857681)
(306.3396831 700.1956589 80.78857681)
(393.8653069 700.1956589 80.78857681)
(-393.8653069 787.7306138 80.78857681)
(-306.3396831 787.7306138 80.78857681)
(-218.8140594 787.7306138 80.78857681)
(-131.2884356 787.7306138 80.78857681)
(-43.76281188 787.7306138 80.78857681)
(43.76281188 787.7306138 80.78857681)
(131.2884356 787.7306138 80.78857681)
(218.8140594 787.7306138 80.78857681)
(306.3396831 787.7306138 80.78857681)
(393.8653069 787.7306138 80.78857681)
)


// ************************************************************************* //
